1.5 1.5 1.5
1.5 1.5 1.5
1.5 1.5 1.5
1.5 1.5 1.5
1.5 1.5 1.5
1.5 1.5 1.5
1.5 1.5 1.5
1.5 1.5 1.5
1.5 1.5 1.5
1.5 1.5 1.5
1.5 1.5 1.5
1.5 1.5 1.5
1.5 1.5 1.5
1.5 1.5 1.5
1.5 1.5 1.5
1.5 1.5 1.5
1.5 1.5 1.50001
1.5 1.5 1.50001
1.50001 1.5 1.50001
1.50001 1.5 1.50001
1.50001 1.5 1.50002
1.50001 1.5 1.50002
1.50001 1.5 1.50003
1.50002 1.5 1.50004
1.50002 1.5 1.50005
1.50003 1.5 1.50006
1.50003 1.5 1.50007
1.50004 1.5 1.50008
1.50004 1.5 1.5001
1.50005 1.5 1.50011
1.50006 1.5 1.50013
1.50007 1.5 1.50016
1.50008 1.5 1.50018
1.5001 1.5 1.50021
1.50011 1.5 1.50024
1.50013 1.5 1.50027
1.50015 1.5 1.50031
1.50017 1.5 1.50036
1.50019 1.5 1.5004
1.50021 1.5 1.50046
1.50024 1.5 1.50051
1.50027 1.5 1.50057
1.5003 1.5 1.50064
1.50033 1.5 1.50071
1.50037 1.5 1.50079
1.50041 1.5 1.50088
1.50045 1.5 1.50097
1.5005 1.5 1.50107
1.50055 1.5 1.50118
1.50061 1.5 1.5013
1.50066 1.5 1.50142
1.50073 1.5 1.50156
1.50079 1.5 1.5017
1.50086 1.5 1.50185
1.50094 1.5 1.50202
1.50102 1.5 1.50219
1.50111 1.5 1.50237
1.5012 1.5 1.50257
1.5013 1.5 1.50278
1.5014 1.5 1.503
1.50151 1.5 1.50323
1.50162 1.5 1.50347
1.50174 1.5 1.50373
1.50187 1.5 1.50401
1.502 1.5 1.50429
1.50214 1.5 1.5046
1.50229 1.5 1.50491
1.50245 1.5 1.50525
1.50261 1.5 1.5056
1.50278 1.5 1.50597
1.50296 1.5 1.50635
1.50315 1.5 1.50675
1.50335 1.5 1.50718
1.50355 1.5 1.50762
1.50377 1.5 1.50808
1.50399 1.5 1.50856
1.50423 1.5 1.50906
1.50447 1.5 1.50958
1.50472 1.5 1.51012
1.50499 1.5 1.51068
1.50526 1.5 1.51127
1.50554 1.5 1.51188
1.50584 1.5 1.51251
1.50614 1.5 1.51316
1.50646 1.5 1.51384
1.50679 1.5 1.51455
1.50713 1.5 1.51528
1.50748 1.5 1.51604
1.50785 1.5 1.51682
1.50823 1.5 1.51763
1.50862 1.5 1.51846
1.50902 1.5 1.51933
1.50943 1.5 1.52022
1.50986 1.5 1.52114
1.51031 1.5 1.52209
1.51076 1.5 1.52306
1.51123 1.5 1.52407
1.51172 1.5 1.52511
1.51222 1.5 1.52618
1.51273 1.5 1.52728
1.51326 1.5 1.52841
1.5138 1.5 1.52957
1.51436 1.5 1.53077
1.51493 1.5 1.532
1.51552 1.5 1.53326
1.51613 1.5 1.53455
1.51675 1.5 1.53588
1.51738 1.5 1.53725
1.51803 1.5 1.53864
1.5187 1.5 1.54008
1.51939 1.5 1.54155
1.52009 1.5 1.54305
1.52081 1.5 1.54459
1.52155 1.5 1.54617
1.5223 1.5 1.54778
1.52307 1.5 1.54943
1.52386 1.5 1.55112
1.52466 1.5 1.55284
1.52548 1.5 1.55461
1.52633 1.5 1.55641
1.52718 1.5 1.55825
1.52806 1.5 1.56012
1.52896 1.5 1.56204
1.52987 1.5 1.564
1.5308 1.5 1.56599
1.53175 1.5 1.56803
1.53272 1.5 1.57011
1.53371 1.5 1.57222
1.53471 1.5 1.57438
1.53574 1.5 1.57657
1.53678 1.5 1.57881
1.53785 1.5 1.58109
1.53893 1.5 1.58341
1.54003 1.5 1.58577
1.54115 1.5 1.58817
1.54229 1.5 1.59061
1.54345 1.5 1.5931
1.54463 1.5 1.59562
1.54583 1.5 1.59819
1.54705 1.5 1.6008
1.54829 1.5 1.60345
1.54955 1.5 1.60614
1.55082 1.5 1.60888
1.55212 1.5 1.61166
1.55344 1.5 1.61448
1.55477 1.5 1.61734
1.55613 1.5 1.62024
1.55751 1.5 1.62319
1.5589 1.5 1.62617
1.56032 1.5 1.6292
1.56175 1.5 1.63228
1.56321 1.5 1.63539
1.56468 1.5 1.63855
1.56618 1.5 1.64175
1.56769 1.5 1.64499
1.56922 1.5 1.64827
1.57078 1.5 1.65159
1.57235 1.5 1.65496
1.57394 1.5 1.65836
1.57555 1.5 1.66181
1.57718 1.5 1.6653
1.57883 1.5 1.66883
1.5805 1.5 1.67241
1.58219 1.5 1.67602
1.5839 1.5 1.67967
1.58563 1.5 1.68337
1.58737 1.5 1.6871
1.58914 1.5 1.69088
1.59092 1.5 1.69469
1.59272 1.5 1.69855
1.59454 1.5 1.70244
1.59638 1.5 1.70637
1.59824 1.5 1.71035
1.60012 1.5 1.71436
1.60201 1.5 1.71841
1.60393 1.5 1.7225
1.60586 1.5 1.72663
1.60781 1.5 1.73079
1.60977 1.5 1.73499
1.61176 1.5 1.73923
1.61376 1.5 1.74351
1.61578 1.5 1.74782
1.61781 1.5 1.75217
1.61987 1.5 1.75656
1.62194 1.5 1.76098
1.62402 1.5 1.76543
1.62613 1.5 1.76993
1.62825 1.5 1.77445
1.63038 1.5 1.77901
1.63254 1.5 1.78361
1.63471 1.5 1.78823
1.63689 1.5 1.79289
1.63909 1.5 1.79759
1.64131 1.5 1.80231
1.64354 1.5 1.80707
1.64578 1.5 1.81186
1.64804 1.5 1.81668
1.65032 1.5 1.82153
1.65261 1.5 1.82641
1.65492 1.5 1.83133
1.65724 1.5 1.83627
1.65957 1.5 1.84124
1.66192 1.5 1.84623
1.66428 1.5 1.85126
1.66665 1.5 1.85631
1.66904 1.5 1.86139
1.67144 1.5 1.8665
1.67385 1.5 1.87164
1.67628 1.5 1.8768
1.67872 1.5 1.88198
1.68117 1.5 1.88719
1.68363 1.5 1.89242
1.6861 1.5 1.89768
1.68859 1.5 1.90296
1.69109 1.5 1.90826
1.6936 1.5 1.91359
1.69612 1.5 1.91893
1.69865 1.5 1.9243
1.70119 1.5 1.92969
1.70374 1.5 1.9351
1.7063 1.5 1.94052
1.70887 1.5 1.94597
1.71145 1.5 1.95144
1.71404 1.5 1.95692
1.71664 1.5 1.96242
1.71925 1.5 1.96794
1.72186 1.5 1.97347
1.72449 1.5 1.97902
1.72712 1.5 1.98458
1.72977 1.5 1.99016
1.73242 1.5 1.99576
1.73507 1.5 2.00136
1.73774 1.5 2.00698
1.74041 1.5 2.01261
1.74309 1.5 2.01826
1.74577 1.5 2.02391
1.74846 1.5 2.02958
1.75116 1.5 2.03525
1.75387 1.5 2.04094
1.75658 1.5 2.04663
1.75929 1.5 2.05233
1.76201 1.5 2.05804
1.76474 1.5 2.06376
1.76747 1.5 2.06949
1.7702 1.5 2.07522
1.77294 1.5 2.08095
1.77569 1.5 2.08669
1.77844 1.5 2.09244
1.78119 1.5 2.09818
1.78394 1.5 2.10394
1.7867 1.5 2.10969
1.78946 1.5 2.11545
1.79223 1.5 2.1212
1.795 1.5 2.12696
1.79776 1.5 2.13272
1.80054 1.5 2.13848
1.80331 1.5 2.14424
1.80609 1.5 2.14999
1.80886 1.5 2.15575
1.81164 1.5 2.1615
1.81442 1.5 2.16725
1.8172 1.5 2.17299
1.81999 1.5 2.17873
1.82277 1.5 2.18447
1.82555 1.5 2.1902
1.82834 1.5 2.19593
1.83112 1.5 2.20164
1.8339 1.5 2.20735
1.83668 1.5 2.21306
1.83947 1.5 2.21875
1.84225 1.5 2.22444
1.84503 1.5 2.23011
1.84781 1.5 2.23578
1.85059 1.5 2.24144
1.85336 1.5 2.24708
1.85614 1.5 2.25272
1.85891 1.5 2.25834
1.86168 1.5 2.26395
1.86445 1.5 2.26955
1.86722 1.5 2.27513
1.86998 1.5 2.2807
1.87274 1.5 2.28625
1.8755 1.5 2.29179
1.87825 1.5 2.29731
1.88101 1.5 2.30282
1.88376 1.5 2.30831
1.8865 1.5 2.31378
1.88924 1.5 2.31923
1.89198 1.5 2.32467
1.89472 1.5 2.33008
1.89745 1.5 2.33548
1.90017 1.5 2.34086
1.90289 1.5 2.34622
1.90561 1.5 2.35155
1.90832 1.5 2.35687
1.91103 1.5 2.36216
1.91373 1.5 2.36743
1.91643 1.5 2.37268
1.91912 1.5 2.37791
1.92181 1.5 2.38311
1.92449 1.5 2.38828
1.92717 1.5 2.39344
1.92984 1.5 2.39856
1.93251 1.5 2.40366
1.93517 1.5 2.40874
1.93782 1.5 2.41379
1.94047 1.5 2.41881
1.94311 1.5 2.4238
1.94574 1.5 2.42877
1.94837 1.5 2.43371
1.951 1.5 2.43862
1.95361 1.5 2.4435
1.95622 1.5 2.44835
1.95883 1.5 2.45317
1.96143 1.5 2.45796
1.96402 1.5 2.46272
1.9666 1.5 2.46745
1.96918 1.5 2.47214
1.97175 1.5 2.47681
1.97431 1.5 2.48144
1.97687 1.5 2.48604
1.97942 1.5 2.49061
1.98196 1.5 2.49514
1.98449 1.5 2.49964
1.98702 1.5 2.5041
1.98954 1.5 2.50853
1.99205 1.5 2.51292
1.99456 1.5 2.51728
1.99706 1.5 2.5216
1.99955 1.5 2.52589
2.00203 1.5 2.53014
2.00451 1.5 2.53435
2.00698 1.5 2.53853
2.00944 1.5 2.54267
2.01189 1.5 2.54677
2.01434 1.5 2.55083
2.01678 1.5 2.55486
2.01921 1.5 2.55884
2.02164 1.5 2.56279
2.02405 1.5 2.56669
2.02646 1.5 2.57056
2.02886 1.5 2.57438
2.03126 1.5 2.57817
2.03365 1.5 2.58191
2.03603 1.5 2.58562
2.0384 1.5 2.58928
2.04076 1.5 2.5929
2.04312 1.5 2.59648
2.04547 1.5 2.60002
2.04781 1.5 2.60351
2.05015 1.5 2.60696
2.05248 1.5 2.61037
2.0548 1.5 2.61374
2.05711 1.5 2.61706
2.05942 1.5 2.62034
2.06172 1.5 2.62357
2.06401 1.5 2.62676
2.0663 1.5 2.62991
2.06858 1.5 2.63301
2.07085 1.5 2.63606
2.07311 1.5 2.63907
2.07537 1.5 2.64204
2.07762 1.5 2.64496
2.07987 1.5 2.64783
2.08211 1.5 2.65066
2.08434 1.5 2.65344
2.08657 1.5 2.65617
2.08879 1.5 2.65886
2.091 1.5 2.6615
2.09321 1.5 2.6641
2.09541 1.5 2.66664
2.0976 1.5 2.66914
2.09979 1.5 2.67159
2.10197 1.5 2.674
2.10415 1.5 2.67635
2.10632 1.5 2.67866
2.10849 1.5 2.68092
2.11065 1.5 2.68313
2.11281 1.5 2.68529
2.11496 1.5 2.68741
2.1171 1.5 2.68947
2.11924 1.5 2.69149
2.12138 1.5 2.69345
2.12351 1.5 2.69537
2.12563 1.5 2.69724
2.12775 1.5 2.69906
2.12987 1.5 2.70082
2.13198 1.5 2.70254
2.13409 1.5 2.70421
2.13619 1.5 2.70583
2.13829 1.5 2.70739
2.14039 1.5 2.70891
2.14248 1.5 2.71038
2.14457 1.5 2.7118
2.14665 1.5 2.71316
2.14873 1.5 2.71448
2.15081 1.5 2.71574
2.15288 1.5 2.71695
2.15496 1.5 2.71812
2.15702 1.5 2.71923
2.15909 1.5 2.72029
2.16115 1.5 2.72129
2.16321 1.5 2.72225
2.16527 1.5 2.72316
2.16733 1.5 2.72401
2.16938 1.5 2.72482
2.17143 1.5 2.72557
2.17348 1.5 2.72627
2.17553 1.5 2.72691
2.17757 1.5 2.72751
2.17962 1.5 2.72806
2.18166 1.5 2.72855
2.1837 1.5 2.72899
2.18574 1.5 2.72938
2.18778 1.5 2.72972
2.18982 1.5 2.73
2.19186 1.5 2.73024
2.19389 1.5 2.73042
2.19593 1.5 2.73055
2.19797 1.5 2.73063
2.2 1.5 2.73065
2.20204 1.5 2.73062
2.20408 1.5 2.73055
2.20611 1.5 2.73042
2.20815 1.5 2.73023
2.21019 1.5 2.73
2.21223 1.5 2.72972
2.21427 1.5 2.72938
2.21631 1.5 2.72899
2.21835 1.5 2.72855
2.22039 1.5 2.72805
2.22244 1.5 2.72751
2.22448 1.5 2.72691
2.22653 1.5 2.72626
2.22858 1.5 2.72556
2.23063 1.5 2.72481
2.23268 1.5 2.72401
2.23474 1.5 2.72315
2.2368 1.5 2.72225
2.23886 1.5 2.72129
2.24092 1.5 2.72028
2.24298 1.5 2.71922
2.24505 1.5 2.71811
2.24712 1.5 2.71695
2.2492 1.5 2.71573
2.25127 1.5 2.71447
2.25336 1.5 2.71316
2.25544 1.5 2.71179
2.25753 1.5 2.71037
2.25962 1.5 2.70891
2.26171 1.5 2.70739
2.26381 1.5 2.70582
2.26592 1.5 2.7042
2.26802 1.5 2.70253
2.27014 1.5 2.70082
2.27225 1.5 2.69905
2.27437 1.5 2.69723
2.2765 1.5 2.69536
2.27863 1.5 2.69345
2.28077 1.5 2.69148
2.28291 1.5 2.68946
2.28505 1.5 2.6874
2.2872 1.5 2.68529
2.28936 1.5 2.68312
2.29152 1.5 2.68091
2.29368 1.5 2.67865
2.29586 1.5 2.67634
2.29803 1.5 2.67399
2.30022 1.5 2.67158
2.30241 1.5 2.66913
2.3046 1.5 2.66663
2.3068 1.5 2.66409
2.30901 1.5 2.66149
2.31122 1.5 2.65885
2.31344 1.5 2.65616
2.31567 1.5 2.65343
2.3179 1.5 2.65065
2.32014 1.5 2.64782
2.32238 1.5 2.64494
2.32464 1.5 2.64203
2.32689 1.5 2.63906
2.32916 1.5 2.63605
2.33143 1.5 2.63299
2.33371 1.5 2.62989
2.336 1.5 2.62675
2.33829 1.5 2.62356
2.34059 1.5 2.62032
2.3429 1.5 2.61704
2.34521 1.5 2.61372
2.34753 1.5 2.61036
2.34986 1.5 2.60695
2.3522 1.5 2.6035
2.35454 1.5 2.6
2.35689 1.5 2.59647
2.35925 1.5 2.59289
2.36161 1.5 2.58927
2.36398 1.5 2.5856
2.36636 1.5 2.5819
2.36875 1.5 2.57815
2.37114 1.5 2.57437
2.37355 1.5 2.57054
2.37596 1.5 2.56668
2.37837 1.5 2.56277
2.3808 1.5 2.55882
2.38323 1.5 2.55484
2.38567 1.5 2.55082
2.38811 1.5 2.54675
2.39057 1.5 2.54265
2.39303 1.5 2.53851
2.3955 1.5 2.53434
2.39798 1.5 2.53013
2.40046 1.5 2.52587
2.40295 1.5 2.52159
2.40545 1.5 2.51727
2.40796 1.5 2.51291
2.41047 1.5 2.50851
2.41299 1.5 2.50408
2.41552 1.5 2.49962
2.41805 1.5 2.49512
2.42059 1.5 2.49059
2.42314 1.5 2.48602
2.4257 1.5 2.48142
2.42826 1.5 2.47679
2.43083 1.5 2.47213
2.43341 1.5 2.46743
2.43599 1.5 2.4627
2.43858 1.5 2.45794
2.44118 1.5 2.45315
2.44378 1.5 2.44833
2.44639 1.5 2.44348
2.44901 1.5 2.4386
2.45163 1.5 2.43369
2.45426 1.5 2.42875
2.4569 1.5 2.42378
2.45954 1.5 2.41879
2.46219 1.5 2.41377
2.46484 1.5 2.40872
2.4675 1.5 2.40364
2.47017 1.5 2.39854
2.47284 1.5 2.39341
2.47552 1.5 2.38826
2.4782 1.5 2.38309
2.48089 1.5 2.37788
2.48358 1.5 2.37266
2.48628 1.5 2.36741
2.48898 1.5 2.36214
2.49169 1.5 2.35685
2.4944 1.5 2.35153
2.49712 1.5 2.3462
2.49984 1.5 2.34084
2.50256 1.5 2.33546
2.50529 1.5 2.33006
2.50803 1.5 2.32465
2.51077 1.5 2.31921
2.51351 1.5 2.31376
2.51625 1.5 2.30828
2.519 1.5 2.30279
2.52176 1.5 2.29729
2.52451 1.5 2.29177
2.52727 1.5 2.28623
2.53003 1.5 2.28067
2.53279 1.5 2.27511
2.53556 1.5 2.26952
2.53833 1.5 2.26393
2.5411 1.5 2.25832
2.54387 1.5 2.2527
2.54665 1.5 2.24706
2.54942 1.5 2.24142
2.5522 1.5 2.23576
2.55498 1.5 2.23009
2.55776 1.5 2.22442
2.56054 1.5 2.21873
2.56333 1.5 2.21303
2.56611 1.5 2.20733
2.56889 1.5 2.20162
2.57167 1.5 2.1959
2.57446 1.5 2.19018
2.57724 1.5 2.18445
2.58002 1.5 2.17871
2.58281 1.5 2.17297
2.58559 1.5 2.16723
2.58837 1.5 2.16148
2.59115 1.5 2.15573
2.59392 1.5 2.14997
2.5967 1.5 2.14422
2.59947 1.5 2.13846
2.60225 1.5 2.1327
2.60502 1.5 2.12694
2.60778 1.5 2.12118
2.61055 1.5 2.11542
2.61331 1.5 2.10967
2.61607 1.5 2.10391
2.61882 1.5 2.09816
2.62157 1.5 2.09241
2.62432 1.5 2.08667
2.62707 1.5 2.08093
2.62981 1.5 2.07519
2.63254 1.5 2.06946
2.63527 1.5 2.06374
2.638 1.5 2.05802
2.64072 1.5 2.05231
2.64343 1.5 2.04661
2.64614 1.5 2.04092
2.64885 1.5 2.03523
2.65155 1.5 2.02956
2.65424 1.5 2.02389
2.65692 1.5 2.01823
2.6596 1.5 2.01259
2.66227 1.5 2.00696
2.66494 1.5 2.00134
2.66759 1.5 1.99573
2.67024 1.5 1.99014
2.67289 1.5 1.98456
2.67552 1.5 1.979
2.67814 1.5 1.97345
2.68076 1.5 1.96792
2.68337 1.5 1.9624
2.68597 1.5 1.9569
2.68856 1.5 1.95141
2.69114 1.5 1.94595
2.69371 1.5 1.9405
2.69627 1.5 1.93508
2.69882 1.5 1.92967
2.70136 1.5 1.92428
2.70389 1.5 1.91891
2.70641 1.5 1.91356
2.70892 1.5 1.90824
2.71142 1.5 1.90294
2.71391 1.5 1.89766
2.71638 1.5 1.8924
2.71884 1.5 1.88717
2.72129 1.5 1.88196
2.72373 1.5 1.87677
2.72616 1.5 1.87162
2.72857 1.5 1.86648
2.73097 1.5 1.86137
2.73336 1.5 1.85629
2.73573 1.5 1.85124
2.73809 1.5 1.84621
2.74044 1.5 1.84122
2.74277 1.5 1.83625
2.74509 1.5 1.83131
2.7474 1.5 1.8264
2.74969 1.5 1.82151
2.75196 1.5 1.81666
2.75423 1.5 1.81184
2.75647 1.5 1.80705
2.7587 1.5 1.8023
2.76092 1.5 1.79757
2.76312 1.5 1.79288
2.7653 1.5 1.78822
2.76747 1.5 1.78359
2.76962 1.5 1.77899
2.77176 1.5 1.77443
2.77388 1.5 1.76991
2.77598 1.5 1.76542
2.77807 1.5 1.76096
2.78014 1.5 1.75654
2.78219 1.5 1.75215
2.78423 1.5 1.7478
2.78625 1.5 1.74349
2.78825 1.5 1.73921
2.79023 1.5 1.73498
2.7922 1.5 1.73077
2.79415 1.5 1.72661
2.79608 1.5 1.72248
2.79799 1.5 1.71839
2.79989 1.5 1.71434
2.80176 1.5 1.71033
2.80362 1.5 1.70636
2.80546 1.5 1.70243
2.80728 1.5 1.69853
2.80909 1.5 1.69468
2.81087 1.5 1.69086
2.81263 1.5 1.68709
2.81438 1.5 1.68335
2.81611 1.5 1.67966
2.81781 1.5 1.676
2.8195 1.5 1.67239
2.82117 1.5 1.66882
2.82282 1.5 1.66529
2.82445 1.5 1.6618
2.82607 1.5 1.65835
2.82766 1.5 1.65494
2.82923 1.5 1.65158
2.83078 1.5 1.64825
2.83232 1.5 1.64497
2.83383 1.5 1.64173
2.83532 1.5 1.63853
2.8368 1.5 1.63538
2.83825 1.5 1.63226
2.83969 1.5 1.62919
2.8411 1.5 1.62616
2.8425 1.5 1.62317
2.84387 1.5 1.62023
2.84523 1.5 1.61733
2.84657 1.5 1.61446
2.84788 1.5 1.61164
2.84918 1.5 1.60887
2.85046 1.5 1.60613
2.85172 1.5 1.60344
2.85295 1.5 1.60079
2.85417 1.5 1.59818
2.85537 1.5 1.59561
2.85655 1.5 1.59309
2.85771 1.5 1.5906
2.85885 1.5 1.58816
2.85997 1.5 1.58576
2.86107 1.5 1.5834
2.86216 1.5 1.58108
2.86322 1.5 1.5788
2.86426 1.5 1.57657
2.86529 1.5 1.57437
2.86629 1.5 1.57221
2.86728 1.5 1.5701
2.86825 1.5 1.56802
2.8692 1.5 1.56599
2.87013 1.5 1.56399
2.87105 1.5 1.56203
2.87194 1.5 1.56012
2.87282 1.5 1.55824
2.87368 1.5 1.5564
2.87452 1.5 1.5546
2.87534 1.5 1.55284
2.87615 1.5 1.55111
2.87693 1.5 1.54942
2.8777 1.5 1.54777
2.87846 1.5 1.54616
2.87919 1.5 1.54458
2.87991 1.5 1.54304
2.88061 1.5 1.54154
2.8813 1.5 1.54007
2.88197 1.5 1.53864
2.88262 1.5 1.53724
2.88326 1.5 1.53588
2.88388 1.5 1.53455
2.88448 1.5 1.53325
2.88507 1.5 1.53199
2.88564 1.5 1.53076
2.8862 1.5 1.52957
2.88674 1.5 1.5284
2.88727 1.5 1.52727
2.88778 1.5 1.52617
2.88828 1.5 1.52511
2.88877 1.5 1.52407
2.88924 1.5 1.52306
2.88969 1.5 1.52208
2.89014 1.5 1.52113
2.89057 1.5 1.52021
2.89098 1.5 1.51932
2.89138 1.5 1.51846
2.89177 1.5 1.51762
2.89215 1.5 1.51681
2.89252 1.5 1.51603
2.89287 1.5 1.51528
2.89321 1.5 1.51455
2.89354 1.5 1.51384
2.89386 1.5 1.51316
2.89416 1.5 1.51251
2.89446 1.5 1.51187
2.89474 1.5 1.51127
2.89502 1.5 1.51068
2.89528 1.5 1.51012
2.89553 1.5 1.50957
2.89577 1.5 1.50905
2.89601 1.5 1.50855
2.89623 1.5 1.50807
2.89645 1.5 1.50761
2.89665 1.5 1.50717
2.89685 1.5 1.50675
2.89704 1.5 1.50635
2.89722 1.5 1.50596
2.89739 1.5 1.5056
2.89755 1.5 1.50525
2.89771 1.5 1.50491
2.89786 1.5 1.50459
2.898 1.5 1.50429
2.89813 1.5 1.504
2.89826 1.5 1.50373
2.89838 1.5 1.50347
2.89849 1.5 1.50323
2.8986 1.5 1.50299
2.8987 1.5 1.50277
2.8988 1.5 1.50257
2.89889 1.5 1.50237
2.89898 1.5 1.50219
2.89906 1.5 1.50201
2.89913 1.5 1.50185
2.89921 1.5 1.5017
2.89927 1.5 1.50156
2.89933 1.5 1.50142
2.89939 1.5 1.5013
2.89945 1.5 1.50118
2.8995 1.5 1.50107
2.89954 1.5 1.50097
2.89959 1.5 1.50088
2.89963 1.5 1.50079
2.89967 1.5 1.50071
2.8997 1.5 1.50064
2.89973 1.5 1.50057
2.89976 1.5 1.50051
2.89979 1.5 1.50045
2.89981 1.5 1.5004
2.89983 1.5 1.50036
2.89985 1.5 1.50031
2.89987 1.5 1.50027
2.89989 1.5 1.50024
2.8999 1.5 1.50021
2.89991 1.5 1.50018
2.89993 1.5 1.50015
2.89994 1.5 1.50013
2.89995 1.5 1.50011
2.89995 1.5 1.5001
2.89996 1.5 1.50008
2.89997 1.5 1.50007
2.89997 1.5 1.50006
2.89998 1.5 1.50005
2.89998 1.5 1.50004
2.89999 1.5 1.50003
2.89999 1.5 1.50002
2.89999 1.5 1.50002
2.89999 1.5 1.50001
2.89999 1.5 1.50001
2.9 1.5 1.50001
2.9 1.5 1.50001
2.9 1.5 1.5
2.9 1.5 1.5
2.9 1.5 1.5
2.9 1.5 1.5
2.9 1.5 1.5
2.9 1.5 1.5
2.9 1.5 1.5
2.9 1.5 1.5
2.9 1.5 1.5
2.9 1.5 1.5
2.9 1.5 1.5
2.9 1.5 1.5
2.9 1.5 1.5
2.9 1.5 1.5
2.9 1.5 1.5
