1.5 1.5 1.5 45 1 1 1 0 0 0 0 0 0 0 0 0 0 0 0 0 0 0 0 0 0 0 0 0 0 0 0 0 0 0 0 0 0 0 0 0 0 0 0 0 0 0 0 0 0 0 0 0 0 0 0
1.5 1.5 1.5 45 1 1 1 0 0 0 0 44 0 -9 1 0 -15 0 0 0 0 0 0 0 0 0 0 0 0 0 0 -141 0 0 0 0 16 0 0 0 0 0 0 0 0 0 0 0 0 0 0 0 0 0 0
1.5 1.5 1.5 45 1 1 1 0 0 0 0 44 0 6 1 0 6 0 0 -89 0 -58 0 0 -28 0 0 0 0 0 0 -91 3 66 0 0 22 0 0 0 0 0 0 0 0 0 0 0 0 0 0 0 0 0 0
1.5 1.5 1.5 45 1 1 0 0 0 0 -5 173 0 -6 1 0 -3 0 0 -79 67 -58 0 0 65 3 0 0 0 0 0 24 -78 66 0 0 -59 -48 0 0 38 0 0 0 0 0 0 0 0 -92 0 0 0 0 0
1.5 1.5 1.5 45 1 1 0 0.1 0.1 -0.4 -5 173 0 -6 1 0 -3 0 0 8 67 -58 0 0 65 -40 0 0 31 0 0 -55 -36 66 0 0 -38 13 0 0 -4 0 0 0 1 0 0 0 0 -92 0 0 0 0 523
2.2 1.5 3 45 1 1 0 0.2 0.2 -0.8 -5 173 0 -6 1 0 -3 0 0 -79 67 -58 0 0 65 3 0 0 0 0 0 24 -78 66 0 0 -59 -48 0 0 38 0 0 -1.6 1 -1.8 0 0 0 -92 0 0 0 0 1121
2.2 1.5 3 45 1 1 0 0.3 0.3 -1.2 -5 173 0 -6 1 0 -3 0 0 8 67 -58 0 0 65 -40 0 0 31 0 0 -55 -36 66 0 0 -38 13 0 0 -4 0 0 -1.1 0.2 -1.2 0 0 0 -92 0 0 0 0 1682
2.2 1.5 3 45 1 1 0 0.3 0.3 -1.2 -5 263 0 -6 1 0 -3 0 0 -79 67 -58 0 0 65 3 0 0 0 0 0 24 -78 66 0 0 -59 -48 0 0 38 0 0 -1.1 0.2 -1.2 0 0 0 -92 0 0 0 0 2249
2.2 1.5 3 45 1 1 0 -0.1 0.3 -1.2 -5 263 0 -6 1 0 -3 0 0 8 67 -58 0 0 65 -40 0 0 31 0 0 -55 -36 66 0 0 -38 13 0 0 -4 0 0 -1.1 0.2 -1.2 0 0 0 -92 0 0 0 0 2857
2.2 1.5 3 45 1 1 0 -0.5 0.3 -1.2 -5 263 0 -6 1 0 -3 0 0 -79 67 -58 0 0 65 3 0 0 0 0 0 24 -78 66 0 0 -59 -48 0 0 38 0 0 -1.1 0.2 -1.2 0 0 0 -92 0 0 0 0 3381
2.9 1.5 1.5 45 1 1 0 -0.9 0.3 -1.2 -5 263 0 -6 1 0 -3 0 0 8 67 -58 0 0 65 -40 0 0 31 0 0 -55 -36 66 0 0 -38 13 0 0 -4 0 0 -1.1 0.2 -1.2 0 0 0 -92 0 0 0 0 3856
2.9 1.5 1.5 45 1 1 0 -1.3 0.3 -1.2 -5 263 0 -6 1 0 -3 0 0 -79 67 -58 0 0 65 3 0 0 0 0 0 24 -78 66 0 0 -59 -48 0 0 38 0 0 -1.1 0.2 -1.2 0 0 0 -92 0 0 0 0 4211
2.9 1.5 1.5 45 1 1 0 -1.7 0.3 -1.2 -5 263 0 -6 1 0 -3 0 0 8 67 -58 0 0 65 -40 0 0 31 0 0 -55 -36 66 0 0 -38 13 0 0 -4 0 0 -1.1 0.2 -1.2 0 0 0 -92 0 0 0 0 4651
2.9 1.5 1.5 45 1 1 0 -1.4 0.3 -0.9 -5 405 0 -6 1 0 -3 0 0 -79 67 -58 0 0 65 3 0 0 0 0 0 24 -78 66 0 0 -59 -48 0 0 38 0 0 -1.1 0.2 -1.2 0 0 0 -92 0 0 0 0 4830
2.9 1.5 1.5 45 1 1 0 -1.1 0.3 -0.6 -5 405 0 -6 1 0 -3 0 0 8 67 -58 0 0 65 -40 0 0 31 0 0 -55 -36 66 0 0 -38 13 0 0 -4 0 0 -1.1 0.2 -1.2 0 0 0 -92 0 0 0 0 4830
